H
array([4.57289489, 4.44343606, 4.4497941 , 4.36837577, 4.4705977 ,
       4.34265005])
V
array([1.70960468, 1.57769384, 1.7628238 , 1.68263472, 1.47715042,
       1.80668952])
+45
array([0.46836974, 0.75443875, 0.49861322, 0.60182176, 0.52683456,
       0.73136461])
-45
array([2.71854771, 2.66522345, 2.69171689, 2.71201763, 2.83929723,
       2.71448541])
circ+
array([5.30538941, 5.12029123, 5.18416305, 5.08391188, 5.11470545,
       5.03162477])
circ-
array([1.80681051, 1.66760677, 1.74954598, 1.77987312, 1.83125736,
       1.71214007])
circ+
array([1.69159823, 1.79984141, 1.59613623, 1.81840365, 1.74014891,
       1.62152802])
V
array([1.69913154, 1.71313756, 1.60363449, 1.59613369, 1.69826476,
       1.74512953])
