H
array([0.03553893, 0.03212831, 0.01849859, 0.02294987, 0.02608799,
       0.03541481])
V
array([0.07464343, 0.04867513, 0.01680305, 0.08478769, 0.08259636,
       0.03233668])
+45
array([0.07271577, 0.02441987, 0.08767016, 0.02696741, 0.04726887,
       0.02653106])
-45
array([0.04565401, 0.0619087 , 0.04457535, 0.06202406, 0.03888721,
       0.05312143])
circ+
array([0.08841451, 0.12110116, 0.03484252, 0.082084  , 0.0473504 ,
       0.04098676])
circ-
array([ 0.00702162,  0.03848801,  0.00081359,  0.00945274,  0.05780356,
       -0.02428879])
circ+
array([0.10271409, 0.09374465, 0.10608228, 0.07574369, 0.10519349,
       0.10744969])
V
array([0.0271199 , 0.03620306, 0.06778372, 0.08227556, 0.07678063,
       0.04912901])
